[int_cam01_img]
name = "int_cam01_img"
size = [ 480.0, 640.0]
matrix = [ [ 810.994083837945, 0.0, 164.14189825296538], [ 0.0, 793.0180184041486, 341.3368802247998], [ 0.0, 0.0, 1.0]]
distortions = [ 0.06385011044810814, -0.5604843726342186, -0.03015189503495567, -0.037672394944961114]
rotation = [ 1.7150622518637486, 0.46927731635397396, -0.2669051048678604]
translation = [ -0.08487665988084081, 0.656462834798698, 2.270549401334785]
fisheye = false

[int_cam02_img]
name = "int_cam02_img"
size = [ 480.0, 640.0]
matrix = [ [ 810.994083837945, 0.0, 164.14189825296538], [ 0.0, 793.0180184041486, 341.3368802247998], [ 0.0, 0.0, 1.0]]
distortions = [ 0.06385011044810814, -0.5604843726342186, -0.03015189503495567, -0.037672394944961114]
rotation = [ 1.7224986688068888, -0.03292839628156694, 0.11789137999557579]
translation = [ -0.13397417475116494, 0.6160336448816799, 2.5478499695753003]
fisheye = false

[int_cam03_img]
name = "int_cam03_img"
size = [ 480.0, 640.0]
matrix = [ [ 810.994083837945, 0.0, 164.14189825296538], [ 0.0, 793.0180184041486, 341.3368802247998], [ 0.0, 0.0, 1.0]]
distortions = [ 0.06385011044810814, -0.5604843726342186, -0.03015189503495567, -0.037672394944961114]
rotation = [ 1.6563690653806111, -0.5903801260715634, 0.41186051007604446]
translation = [ 0.05205781902673233, 0.6337132538277102, 2.433067697639109]
fisheye = false

[metadata]
adjusted = false
error = 0.0
